GOLD
-0.7315279841423035
-0.44490501284599304
-0.4626089930534363
1.0931509733200073
0.5585039854049683
-1.0337790250778198
0.3857559859752655
0.8556240200996399
0.0
0.0
0.8698610067367554
0.2453649938106537
-0.3994249999523163
0.0
0.006173000205308199
0.6372380256652832
-0.237869992852211
-0.12862500548362732
0.7299240231513977
0.1505350023508072
-0.03006500005722046
0.2937470078468323
-0.17361000180244446
0.5365409851074219
0.7634850144386292
-1.270043969154358
0.6248949766159058
0.36480700969696045
0.13455599546432495
-0.15213799476623535
0.11707600206136703
0.0
-0.1698639988899231
0.6292539834976196
0.44885700941085815
-0.5589010119438171
0.5417230129241943
0.09725400060415268
0.1995449960231781
0.34560200572013855
-1.7033339738845825
0.8427519798278809
0.20099599659442902
-1.149515986442566
-0.48511800169944763
0.2964479923248291
-0.47529301047325134
0.6698459982872009
0.4564169943332672
0.2264219969511032
0.08677200227975845
0.0
-0.37727099657058716
0.4926980137825012
-0.20219899713993073
0.3977240025997162
-0.0057379999198019505
0.41122400760650635
-0.41696199774742126
-0.05743100121617317
-0.19583599269390106
-1.099094033241272
0.6056060194969177
0.0
0.00583800021559
0.1922300010919571
-0.1280589997768402
0.2904990017414093
0.7178580164909363
0.436367005109787
0.11825200170278549
-0.2934049963951111
0.13566400110721588
0.9766110181808472
0.493833988904953
0.21769200265407562
0.3891170024871826
0.6779729723930359
-0.10075800120830536
0.3121199905872345
-0.8893349766731262
0.20397000014781952
0.38916999101638794
-0.0743660032749176
0.5073959827423096
-0.8168460130691528
0.394428014755249
0.0
0.0
0.8043209910392761
0.34758299589157104
0.7936050295829773
-1.2977279424667358
0.6948860287666321
0.0
0.05141400173306465
0.1641169935464859
-0.07172500342130661
1.0135689973831177
-0.020041000097990036
0.3692750036716461
-0.4645969867706299
0.9586809873580933
0.14713500440120697
-0.09803500026464462
1.0184930562973022
0.8167600035667419
0.0376180000603199
0.28109800815582275
-1.972777009010315
1.2570979595184326
-0.7421560287475586
0.08201999962329865
-2.2251029014587402
0.6346060037612915
0.802528977394104
-1.3560340404510498
0.07083900272846222
0.1060430034995079
-0.08077099919319153
-0.3806290030479431
-0.08163399994373322
-0.5343970060348511
0.7686830163002014
-0.11189199984073639
-0.33228498697280884
-0.6879339814186096
-0.9593979716300964
-0.7961030006408691
-2.8028719425201416
0.8259410262107849
1.1991349458694458
-0.4611630141735077
-0.9886810183525085
1.1281009912490845
1.207977056503296
-0.23892199993133545
-0.14180199801921844
0.27228599786758423
-0.16316699981689453
0.23368200659751892
0.6241980195045471
1.0607880353927612
-0.05216800048947334
0.31206899881362915
0.2068070024251938
0.18015199899673462
-0.5011249780654907
0.08824499696493149
0.6434109807014465
0.3004100024700165
1.2059650421142578
0.9035410284996033
-1.4998359680175781
-1.5275709629058838
0.6174910068511963
-0.9817900061607361
-0.870993971824646
0.3028680086135864
-0.010591000318527222
0.36916598677635193
0.20955100655555725
0.15650300681591034
-0.3135710060596466
0.7281749844551086
0.15446199476718903
0.0924139991402626
-0.1438400000333786
0.1643500030040741
-0.3706659972667694
0.14967699348926544
-0.460999995470047
-0.920985996723175
0.3971019983291626
-0.583666980266571
0.583666980266571
-0.8515849709510803
0.26257601380348206
0.567920982837677
-0.2485470026731491
-0.026525000110268593
-0.03185100108385086
0.21190300583839417
-0.8431100249290466
-0.1619500070810318
0.3823089897632599
0.5275220274925232
-0.47929999232292175
0.24031099677085876
0.6606370210647583
-0.21031300723552704
-0.4290280044078827
-1.2911750078201294
0.2733139991760254
-1.1316859722137451
0.6935539841651917
-1.5635279417037964
0.7859979867935181
-0.050464000552892685
0.012556999921798706
